23191.4959
23175.9219
23175.9219
23175.9219
23175.9219
23175.9219
23175.9219
23175.9219
23175.9219
23175.9219
23175.9219
23175.9219
23175.9219
23175.9219
23175.9219
23175.9219
23175.9219
23175.9219
23175.9219
23175.9219
23175.9219
23175.9219
23175.9219
23175.9219
23175.9219
23175.9219
23175.9219
23175.9219
23175.9219
23175.9219
23175.9219
23175.9219
23175.9219
23175.9219
23175.9219
23175.9219
23175.9219
23175.9219
23175.9219
23175.9219
23175.9219
23175.9219
23175.9219
23175.9219
23175.9219
23175.9219
23175.9219
23175.9219
23175.9219
23175.9219
23175.9219
23175.9219
23175.9219
23175.9219
23175.3973
23175.3973
23175.3973
23175.3973
23175.3973
23175.3973
23175.3973
23175.3973
23175.3973
23175.3973
23175.3973
23175.3973
23175.3973
23175.3973
23175.3973
23175.3973
23175.3973
23175.3973
23175.3973
23175.3973
23175.3973
23175.3973
23175.3973
23175.3973
23175.3973
23175.3973
23175.3973
23175.3973
23175.3973
23175.3973
23175.3973
23175.3973
23175.3973
23175.3973
23175.3973
23175.3973
23175.3973
23175.3973
23175.3973
23175.3973
23175.3973
23175.3973
23175.3973
23175.3973
23175.3973
23175.3973
23175.3973
23175.3973
23175.3973
23175.3973
23175.3973
23175.3973
23175.3973
23175.3973
23175.3973
23169.6738
23169.6738
23169.6738
23169.6738
23169.6738
23169.6738
23169.6738
23169.6738
23169.6738
23169.6738
23169.6738
23169.6738
23169.6738
23169.6738
23169.6738
23169.6738
23169.6738
23169.6738
23169.6738
23169.6738
23169.6738
23169.6738
23169.6738
23169.6738
23169.6738
23169.6738
23169.6738
23169.6738
23169.6738
23169.6738
23169.6738
23169.6738
23169.6738
23169.6738
23169.6738
23169.6738
23169.6738
23169.6738
23169.6738
23169.6738
23169.6738
23169.6738
23168.2051
23168.2051
23168.2051
23168.2051
23168.2051
23168.2051
23168.2051
23168.2051
23168.2051
23168.2051
23168.2051
23168.2051
23168.2051
23168.2051
23168.2051
23168.2051
23168.2051
23168.2051
23168.2051
23168.2051
23168.2051
23168.2051
23168.2051
23168.2051
23168.2051
23168.2051
23168.2051
23166.4847
23166.4847
23166.4847
23166.4847
23166.4847
23166.4847
23166.4847
23166.4847
23166.4847
23166.4847
23166.4847
23166.4847
23166.4847
23166.4847
23166.4847
23166.4847
23166.4847
23166.4847
23166.4847
23166.4847
23166.4847
23166.4847
23166.4847
23166.4847
23166.4847
23166.4847
23166.4847
23166.4847
23166.4847
23166.4847
23166.4847
23166.4847
23166.4847
23166.4847
23166.4847
23166.4847
23166.4847
23166.4847
23166.4847
23166.4847
23166.4847
23166.4847
23166.4847
23166.4847
23166.4847
23166.4847
23166.4847
23166.4847
23166.4847
23166.4847
23166.4847
23166.4847
23166.4847
23166.4847
23166.4847
23166.4847
23166.4847
23166.4847
23166.4847
23166.4847
23166.4847
23158.9438
23158.9438
23158.9438
23158.9438
23158.9438
23158.9438
23158.9438
23158.9438
23158.9438
23158.9438
23158.9438
23158.9438
23158.9438
23158.9438
23158.9438
23158.9438
23158.9438
23158.9438
23158.9438
23158.9438
23158.9438
23158.9438
23158.9438
23158.9438
23158.9438
23158.9438
23158.9438
23158.9438
23158.9438
23158.9438
23158.9438
23158.9438
23158.9438
23158.9438
23158.9438
23158.9438
23158.9438
23158.9438
23158.9438
23160.29
23160.29
23160.29
23160.29
23160.29
23160.29
23160.29
23160.29
23160.29
23160.29
23160.29
23160.29
23160.29
23160.29
23160.29
23160.29
23160.29
23160.29
23160.29
23160.29
23160.29
23160.29
23160.29
23160.29
23160.29
23160.29
23160.29
23160.29
23160.29
23160.29
23160.29
23160.29
23160.29
23160.29
23160.29
23160.29
23160.29
23160.29
23160.29
23160.29
23160.29
23160.29
23160.29
23160.29
23160.29
23160.29
23160.29
23160.29
23160.29
23160.29
23160.29
23160.29
23160.29
23160.29
23160.29
23183.7522
23183.7522
23183.7522
23183.7522
23183.7522
23183.7522
23183.7522
23183.7522
23183.7522
23183.7522
23183.7522
23183.7522
23183.7522
23183.7522
23183.7522
23183.7522
23183.7522
23183.7522
23183.7522
23183.7522
23183.7522
23183.7522
23183.7522
23183.7522
23183.7522
23183.7522
23183.7522
23183.7522
23183.7522
23183.7522
23183.7522
23183.7522
23183.7522
23183.7522
23183.7522
23183.7522
23183.7522
23183.7522
23183.7522
23183.7522
23183.7522
23177.0672
23177.0672
23177.0672
23177.0672
23177.0672
23177.0672
23177.0672
23177.0672
23177.0672
23177.0672
23177.0672
23177.0672
23177.0672
23177.0672
23177.0672
23177.0672
23177.0672
23177.0672
23177.0672
23177.0672
23177.0672
23177.0672
23177.0672
23177.0672
23177.0672
23177.0672
23177.0672
23177.0672
23177.0672
23177.0672
23177.0672
23177.0672
23177.0672
23177.0672
23177.0672
23177.0672
23177.0672
23177.0672
23177.0672
23177.0672
23177.0672
23177.0672
23177.0672
23177.0672
23197.155
23197.155
23197.155
23197.155
23197.155
23197.155
23197.155
23197.155
23197.155
23197.155
23197.155
23197.155
23197.155
23197.155
23197.155
23197.155
23197.155
23197.155
23197.155
23197.155
23197.155
23197.155
23197.155
23197.155
23197.155
23197.155
23197.155
23197.155
23197.155
23197.155
23197.155
23197.155
23197.155
23197.155
23197.155
23197.155
23197.155
23197.155
23186.6143
23186.6143
23186.6143
23186.6143
23186.6143
23186.6143
23186.6143
23186.6143
23186.6143
23186.6143
23186.6143
23186.6143
23186.6143
23186.6143
23186.6143
23186.6143
23186.6143
23186.6143
23186.6143
23186.6143
23186.6143
23186.6143
23186.6143
23186.6143
23186.6143
23186.6143
23186.6143
23186.6143
23186.6143
23186.6143
23186.6143
23186.6143
23186.6143
23186.6143
23186.6143
23186.6143
23186.6143
23186.6143
23186.6143
23186.6143
23186.6143
23186.6143
23189.8994
23189.8994
23189.8994
23189.8994
23189.8994
23189.8994
23189.8994
23189.8994
23189.8994
23189.8994
23189.8994
23189.8994
23189.8994
23189.8994
23189.8994
23189.8994
23189.8994
23189.8994
23189.8994
23189.8994
23189.8994
23189.8994
23189.8994
23176.7242
23176.7242
23176.7242
23176.7242
23176.7242
23176.7242
23176.7242
23176.7242
23176.7242
23176.7242
23176.7242
23176.7242
23176.7242
23176.7242
23176.7242
23176.7242
23176.7242
23176.7242
23176.7242
23176.7242
23176.7242
23176.7242
23176.7242
23176.7242
23176.7242
23176.7242
23176.7242
23176.7242
23176.7242
23176.7242
23176.7242
23176.7242
23176.7242
23176.7242
23176.7242
23176.7242
23176.7242
23176.7242
23176.7242
23176.7242
23176.7242
23176.7242
23176.7242
23176.7242
23176.7242
23176.7242
23176.7242
23176.7242
23176.7242
23176.7242
23176.7242
23176.7242
23176.7242
23190.2311
23190.2311
23190.2311
23190.2311
23190.2311
23190.2311
23190.2311
23190.2311
23190.2311
23190.2311
23190.2311
23190.2311
23190.2311
23190.2311
23190.2311
23190.2311
23190.2311
23190.2311
23190.2311
23190.2311
23190.2311
23190.2311
23190.2311
23190.2311
23190.2311
23190.2311
23190.2311
23190.2311
23190.2311
23190.2311
23190.2311
23190.2311
23190.2311
23190.2311
23190.2311
23190.2311
23190.2311
23190.2311
23190.2311
23190.2311
23190.2311
23194.6213
23194.6213
23194.6213
23194.6213
23194.6213
23194.6213
23194.6213
23194.6213
23194.6213
23194.6213
23194.6213
23194.6213
23194.6213
23194.6213
23194.6213
23194.6213
23194.6213
23194.6213
23194.6213
23194.6213
23194.6213
23194.6213
23194.6213
23194.6213
23194.6213
23194.6213
23194.6213
23194.6213
23194.6213
23194.6213
23194.6213
23194.6213
23194.6213
23194.6213
23194.6213
23194.6213
23194.6213
23194.6213
23194.6213
23194.6213
23194.6213
23194.6213
23194.6213
23194.6213
23194.6213
23194.6213
23194.6213
23194.6213
23194.6213
23194.6213
23194.6213
23194.6213
23194.6213
23194.6213
23194.6213
23194.6213
23194.6213
23194.6213
23194.6213
23194.6213
23194.6213
23194.6213
23194.6213
23194.6213
23194.6213
23194.6213
23194.6213
23194.6213
23194.6213
23194.6213
23194.6213
23194.6213
23194.6213
23194.6213
23194.6213
23194.6213
23194.6213
23194.6213
23194.6213
23194.6213
23194.6213
23201.1765
23201.1765
23201.1765
23201.1765
23201.1765
23201.1765
23201.1765
23201.1765
23201.1765
23201.1765
23201.1765
23201.1765
23201.1765
23201.1765
23201.1765
23201.1765
23201.1765
23201.1765
23201.1765
23201.1765
23201.1765
23201.1765
23201.1765
23201.1765
23201.1765
23201.1765
23201.1765
23201.1765
23201.1765
23201.1765
23201.1765
23201.1765
23201.1765
23201.1765
23201.1765
23201.1765
23201.1765
23201.1765
23201.1765
23201.1765
23201.1765
23201.1765
23201.1765
23201.1765
23201.1765
23201.1765
23201.1765
23201.1765
23201.1765
23201.1765
23201.1765
23201.1765
23201.1765
23201.1765
23201.1765
23201.1765
23201.1765
23201.1765
23201.1765
23201.1765
23201.1765
23201.1765
23201.1765
23201.1765
23201.1765
23201.1765
23201.1765
23209.8114
23209.8114
23209.8114
23209.8114
23209.8114
23209.8114
23209.8114
23209.8114
23209.8114
23209.8114
23209.8114
23209.8114
23209.8114
23209.8114
23209.8114
23209.8114
23209.8114
23209.8114
23209.8114
23209.8114
23209.8114
23209.8114
23209.8114
23209.8114
23209.8114
23209.8114
23209.8114
23209.8114
23209.8114
23209.8114
23209.8114
23209.8114
23209.8114
23209.8114
23209.8114
23209.8114
23209.8114
23209.8114
23209.8114
23209.8114
23209.8114
23209.8114
23209.8114
23209.8114
23209.8114
23209.8114
23209.8114
23209.8114
23209.8114
23209.8114
23209.8114
23209.8114
23209.8114
23209.8114
23209.8114
23209.8114
23209.8114
23209.8114
23199.5838
23199.5838
23199.5838
23199.5838
23199.5838
23199.5838
23199.5838
23199.5838
23199.5838
23199.5838
23199.5838
23199.5838
23199.5838
23199.5838
23199.5838
23199.5838
23199.5838
23199.5838
23199.5838
23199.5838
23199.5838
23199.5838
23199.5838
23199.5838
23199.5838
23199.5838
23199.5838
23199.5838
23199.5838
23199.5838
23199.5838
23199.5838
23199.5838
23199.5838
23199.5838
23199.5838
23199.5838
23199.5838
23199.5838
23199.5838
23199.5838
23199.5838
23199.5838
23199.5838
23199.5838
23199.5838
23187.0186
23187.0186
23187.0186
23187.0186
23187.0186
23187.0186
23187.0186
23187.0186
23187.0186
23187.0186
23187.0186
23187.0186
23187.0186
23187.0186
23187.0186
23187.0186
23187.0186
23187.0186
23187.0186
23187.0186
23187.0186
23187.0186
23187.0186
23187.0186
23187.0186
23187.0186
23187.0186
23187.0186
23187.0186
23187.0186
23187.0186
23187.0186
23187.0186
23187.0186
23187.0186
23187.0186
23187.0186
23198.4843
23198.4843
23198.4843
23198.4843
23198.4843
23198.4843
23198.4843
23198.4843
23198.4843
23198.4843
23198.4843
23198.4843
23198.4843
23198.4843
23198.4843
23198.4843
23198.4843
23198.4843
23198.4843
23198.4843
23198.4843
23198.4843
23198.4843
23198.4843
23198.4843
23198.4843
23198.4843
23198.4843
23198.4843
23198.4843
23198.4843
23198.4843
23198.4843
23191.1079
23191.1079
23191.1079
23191.1079
23191.1079
23191.1079
23191.1079
23191.1079
23191.1079
23191.1079
23191.1079
23191.1079
23191.1079
23191.1079
23191.1079
23191.1079
23191.1079
23191.1079
23191.1079
23191.1079
23191.1079
23191.1079
23191.1079
23191.1079
23191.1079
23191.1079
23191.1079
23191.1079
23191.1079
23191.1079
23191.1079
23191.1079
23191.1079
23191.1079
23191.1079
23191.1079
23191.1079
23191.1079
23191.1079
23191.1079
23191.1079
23191.1079
23191.1079
23191.1079
23191.1079
23191.1079
23191.1079
23191.1079
23191.1079
23191.1079
23191.1079
23191.1079
23191.1079
23191.1079
23191.1079
23191.1079
